660, 2159, 2424, 17927, 19443
660, 2424, 17927, 19443, 6506
13240, 660, 17927, 19443, 659
660, 17927, 6506, 659, 19443
660, 2424, 17927, 6506, 659
4799, 19352, 660, 79966, 2424
40566, 660, 2424, 17927, 19443
40566, 13240, 660, 2424, 6506, 659
4799, 40566, 660, 2424, 6506
8431, 660, 23287, 1724, 19443
660, 385, 2424, 17927, 19443
660, 385, 54205, 7698, 19443
660, 16412, 2424, 6506, 659
660, 79966, 16412, 2424, 6506
4799, 660, 16412, 2424, 6506
40566, 660, 16412, 2424, 6506
40566, 660, 26161, 1724, 19443
40566, 660, 26161, 1724, 6506
40566, 13240, 660, 26161, 1724
2553, 149115, 660, 23287, 5306
4799, 2553, 660, 5306, 2424
660, 16412, 2424, 6506, 1539
660, 1770, 659, 1539, 6506
660, 1770, 2424, 659, 1539
13240, 660, 1724, 115659, 6506
13240, 660, 115659, 6506, 659
40566, 660, 115659, 2424, 6506
40566, 13240, 660, 115659, 6506, 19443
40566, 660, 146280, 146025, 115659
5933, 40566, 13240, 660, 115659
660, 2290, 17927, 659, 19443
13240, 660, 2290, 6506, 659, 19443
660, 1724, 5326, 2290, 6506, 19443
660, 385, 2290, 2424, 659
660, 5326, 385, 2290, 2424, 6506
660, 2159, 385, 5326, 2290, 6506, 19443
8431, 660, 385, 5326, 2290, 19443
1069, 660, 1724, 1072, 19443
1069, 660, 1724, 19443, 6506
1069, 660, 1072, 30502, 19443
40566, 1069, 660, 6506, 19443
3252, 13240, 660, 2159, 19443, 6506
40566, 3252, 13240, 660, 6506
3252, 660, 2159, 385, 2424, 6506
3252, 13240, 660, 385, 19443
3252, 13240, 660, 115659, 6506
3252, 660, 2159, 385, 2290, 6506, 19443
3252, 13240, 660, 2290, 659, 6506
3252, 13240, 660, 2290, 6506, 19443
477, 660, 58820, 6506, 19443
477, 660, 2159, 58820, 6506
660, 58820, 2424, 6506, 659
4799, 660, 58820, 2424, 6506
40566, 660, 58820, 2424, 6506
660, 16412, 58820, 2424, 6506
660, 79966, 58820, 2424, 6506, 1539
3252, 660, 58820, 1539, 6506
3252, 660, 2290, 58820, 6506
3252, 660, 2159, 58820, 2424, 6506
3252, 13240, 660, 58820, 6506
2779, 3252, 660, 385, 2424, 58820
2779, 3252, 660, 2159, 2424, 58820
1871, 660, 1724, 58820, 6506
1871, 660, 2159, 58820, 6506
660, 79966, 6789, 58820, 2424, 1539
660, 2247, 58820, 2424, 1539
1871, 660, 26056, 58820, 6506
1871, 660, 26056, 1724, 6506
1871, 660, 26056, 2159, 6506
660, 2424, 1843, 17927, 659
13240, 660, 1724, 1843, 6506, 659
4799, 660, 1724, 1843, 6506
660, 16412, 2424, 1843, 6506
4799, 13276, 660, 2424, 1843, 659, 6506
660, 1770, 1843, 659, 1539
4799, 13276, 660, 2424, 1843, 6506, 1539
660, 2290, 1843, 659, 6506
660, 5326, 2290, 1843, 6506
660, 2424, 58820, 1843, 1539, 6506
477, 660, 58820, 1843, 6506
19856, 660, 1843, 6506, 2944
660, 1618, 2424, 17927, 19443
149115, 23287, 660, 385, 1618, 19443
71076, 660, 385, 1618, 2424
38859, 660, 1618, 7698, 19443
7768, 660, 79966, 1618, 2424, 7698
7768, 8431, 660, 2159, 1618, 7698, 19443
7768, 120086, 660, 1618, 2424
7768, 660, 1618, 122668, 2424
2553, 660, 79966, 1618, 2424
2553, 660, 5306, 1618, 2424
38859, 2553, 660, 1618, 19443
2553, 660, 5306, 1618, 2168
2553, 660, 79966, 1618, 7698
2553, 660, 23287, 5306, 1618
477, 2553, 660, 5306, 1618
660, 5326, 385, 1618, 2290, 19443
3252, 660, 2159, 385, 1618
660, 2247, 1618, 7698, 2168
660, 5326, 1618, 2424, 1843
2553, 660, 1618, 2424, 1843
2553, 660, 1618, 1843, 2168
477, 2553, 660, 1618, 1843
660, 1618, 1571, 2424, 1843
18831, 660, 385, 1618, 13622
63010, 660, 781, 2424, 1539
37616, 660, 781, 2424, 1539
660, 781, 2290, 2424, 659
660, 385, 781, 2290, 2424
660, 2159, 781, 2290, 19443
8431, 660, 781, 2290, 19443
3252, 660, 2159, 781, 2290
660, 385, 781, 192330, 7698
2507, 660, 385, 781, 7698
38859, 660, 1618, 781, 19443
660, 2247, 781, 1618, 2424, 7698
660, 1618, 781, 2290, 19443
8431, 660, 385, 781, 1618, 2424
8431, 660, 2159, 781, 1618, 19443
18831, 660, 115474, 2159, 781, 1618
18831, 477, 149115, 660, 2159, 1618, 781
97307, 660, 781, 2424, 1539
660, 2247, 1618, 781, 7698, 2944
8431, 660, 2159, 385, 781, 1618, 7698, 2944
8431, 149115, 660, 385, 781, 1618, 7698, 2944
660, 385, 781, 54205, 7698
2553, 660, 212154, 2424, 6506
2553, 660, 212154, 79966, 6506
4799, 2553, 660, 212154, 6506
3252, 660, 212154, 58820, 6506
2553, 660, 212154, 1843, 6506
19352, 54, 660, 5306, 2424
19352, 54, 2553, 660, 79966, 2424
4799, 54, 660, 234354, 2424
19352, 54, 660, 2424, 1843
19352, 68604, 54, 660, 2424
54, 660, 39537, 781, 7698
54, 2553, 212154, 660, 6506
4799, 2553, 54, 660, 79966, 2424, 1843, 6506
54, 660, 385, 25670, 6506
54, 660, 385, 1724, 25670
54, 660, 385, 2424, 659
54, 660, 5306, 2424, 659
19352, 54, 660, 2424, 659
54, 660, 2424, 659, 17927
54, 660, 2159, 2424, 6506, 659
54, 660, 79966, 2424, 6506, 659
54, 660, 1724, 1843, 6506, 659
54, 2553, 660, 2424, 1843, 659
54, 13240, 660, 1724, 6506, 659
54, 71076, 660, 2424, 659
54, 68604, 660, 2424, 659
5591, 54, 660, 385, 1843
5591, 54, 660, 2159, 1843
54, 159382, 660, 2424, 659
54, 159382, 660, 385, 2424
54, 159382, 660, 79966, 2424
54, 159382, 660, 2159, 2424
54, 159382, 660, 5306, 2424
54, 2553, 159382, 660, 2424
19352, 54, 159382, 660, 2424
54, 159382, 660, 2424, 6506
54, 159382, 660, 2424, 1843
54, 68604, 159382, 660, 2424
54, 71076, 159382, 660, 2424
4799, 13276, 54, 660, 2424, 1843, 6506
5933, 54, 13240, 660, 1724
5933, 54, 13240, 660, 6506
5933, 54, 13240, 660, 659
54, 660, 385, 25670, 1539
54, 660, 1724, 25670, 6506, 1539
54, 660, 1770, 659, 1539
54, 159382, 660, 2424, 1539
13276, 54, 660, 2424, 1843, 659, 1539, 6506
54, 1310, 660, 385, 1539
54, 660, 385, 2290, 659
54, 3252, 660, 2159, 385, 6506
54, 660, 2424, 58820, 1539, 6506
54, 660, 1756, 58820, 1539
54, 660, 6789, 58820, 2424, 1539
54, 660, 2247, 2424, 659
19352, 54, 660, 2247, 2424
54, 660, 2159, 2247, 781, 2424, 7698
54, 660, 2159, 2247, 781, 7698, 2944
54, 159382, 660, 2247, 2424
15352, 660, 891, 659, 6506
35732, 660, 2159, 2424, 6506
35732, 660, 2424, 6506, 659
35732, 660, 79966, 2424, 6506
35732, 40566, 660, 2424, 6506
35732, 660, 16412, 2424, 6506
35732, 660, 2424, 6506, 1539
35732, 660, 58820, 2424, 6506
35732, 660, 2424, 1843, 6506
35732, 660, 2159, 2944, 6506
35732, 660, 1843, 6506, 2944
35732, 660, 891, 6506, 2944
72916, 2779, 3252, 660, 385
8431, 660, 5326, 810, 19443
660, 5326, 2290, 810, 19443
660, 5326, 1618, 810, 19443
8431, 660, 4637, 385, 19443
660, 4637, 385, 2290, 19443
2779, 660, 7525, 4637, 385
2779, 206550, 660, 4637, 385
2779, 3252, 13240, 660, 4637, 385
200911, 2779, 660, 4637, 385
195939, 2779, 660, 4637, 385
660, 4637, 58820, 19443, 6506
13240, 660, 4637, 58820, 6506
200911, 2779, 660, 4637, 58820
2779, 206550, 660, 4637, 58820
2779, 7525, 660, 4637, 58820
2779, 660, 4637, 58820, 1539
2779, 660, 4637, 385, 2424, 58820
2779, 3252, 13240, 660, 4637, 58820
2779, 3252, 660, 4637, 385, 58820
195939, 2779, 660, 4637, 58820
660, 7092, 4637, 161028, 58820
660, 7092, 4637, 207781, 161028
660, 7092, 4637, 207781, 58820
200911, 660, 207781, 7092, 4637
200911, 660, 7092, 4637, 58820
200911, 660, 7092, 4637, 201393
660, 207781, 7092, 4637, 201393
660, 7092, 4637, 161028, 201393
660, 7092, 4637, 58820, 201393
200911, 660, 7092, 4637, 244398
660, 207781, 7092, 4637, 244398
660, 7092, 4637, 244398, 161028
660, 7092, 4637, 244398, 58820
660, 7092, 4637, 244398, 201393
200911, 660, 156770, 7092, 4637
660, 156770, 207781, 7092, 4637
660, 156770, 244398, 7092, 4637
660, 156770, 7092, 4637, 161028
660, 156770, 7092, 4637, 58820
660, 156770, 7092, 4637, 201393
200911, 660, 7525, 7092, 4637
156770, 660, 7525, 7092, 4637
660, 7525, 207781, 7092, 4637
660, 7525, 244398, 7092, 4637
660, 7525, 7092, 4637, 161028
660, 7525, 7092, 4637, 58820
660, 7525, 7092, 4637, 201393
206550, 7525, 660, 7092, 4637
206550, 156770, 660, 7092, 4637
206550, 660, 207781, 7092, 4637
206550, 660, 244398, 7092, 4637
206550, 660, 7092, 4637, 58820
206550, 660, 7092, 4637, 201393
13240, 7525, 660, 7092, 4637
13240, 156770, 660, 7092, 4637
13240, 660, 207781, 7092, 4637
13240, 660, 244398, 7092, 4637
13240, 660, 7092, 4637, 58820
13240, 660, 7092, 4637, 201393
200911, 21613, 660, 7092, 4637
21613, 206550, 660, 7092, 4637
21613, 13240, 660, 7092, 4637
21613, 7525, 660, 7092, 4637
21613, 156770, 660, 7092, 4637
21613, 660, 207781, 7092, 4637
21613, 660, 244398, 7092, 4637
21613, 660, 7092, 4637, 161028
21613, 660, 7092, 4637, 58820
21613, 660, 7092, 4637, 201393
200911, 155197, 660, 7092, 4637
155197, 21613, 660, 7092, 4637
155197, 206550, 660, 7092, 4637
155197, 13240, 660, 7092, 4637
155197, 7525, 660, 7092, 4637
155197, 156770, 660, 7092, 4637
155197, 660, 207781, 7092, 4637
155197, 660, 244398, 7092, 4637
155197, 660, 7092, 4637, 161028
155197, 660, 7092, 4637, 58820
155197, 660, 7092, 4637, 201393
200911, 188939, 660, 7092, 4637
188939, 155197, 660, 7092, 4637
188939, 21613, 660, 7092, 4637
188939, 206550, 660, 7092, 4637
188939, 13240, 660, 7092, 4637
188939, 7525, 660, 7092, 4637
188939, 156770, 660, 7092, 4637
188939, 660, 207781, 7092, 4637
188939, 660, 244398, 7092, 4637
188939, 660, 7092, 4637, 161028
188939, 660, 7092, 4637, 58820
188939, 660, 7092, 4637, 201393
195939, 188939, 660, 7092, 4637
195939, 155197, 660, 7092, 4637
195939, 21613, 660, 7092, 4637
195939, 13240, 660, 7092, 4637
195939, 206550, 660, 7092, 4637
195939, 156770, 660, 7092, 4637
195939, 7525, 660, 7092, 4637
195939, 660, 244398, 7092, 4637
195939, 660, 7092, 4637, 201393
200911, 195939, 660, 7092, 4637
195939, 660, 207781, 7092, 4637
195939, 660, 7092, 4637, 161028
195939, 660, 7092, 4637, 58820
72916, 660, 4637, 385, 19443
72916, 2779, 7525, 660, 4637
72916, 2779, 660, 4637, 58820
72916, 195939, 2779, 660, 4637
190108, 660, 115474, 1618, 2424
190108, 660, 115474, 781, 2424
190108, 54, 660, 2424, 659
190108, 54, 37088, 660, 7698
190108, 54, 37088, 660, 385, 2424
190108, 54, 37088, 660, 2159, 2424
190108, 54, 159382, 660, 2424
7768, 19, 660, 79966, 19443
19, 660, 781, 2424, 1843
19, 660, 221547, 385, 781
19, 660, 79966, 781, 2424, 7698
19, 660, 781, 1843, 2944
19, 660, 2424, 19443, 17927
19, 149115, 660, 2424, 17346
19, 149115, 660, 17346, 1843
8431, 19, 660, 781, 19443
8431, 19, 660, 385, 781, 7698, 2944
7768, 19, 8431, 660, 7698, 19443
19, 660, 781, 2290, 19443
19, 660, 385, 5326, 2290, 6506, 19443
19, 3252, 660, 2159, 385, 6506
19, 149115, 660, 385, 1618, 781, 2424
19, 149115, 660, 2159, 385, 1618, 781, 7698, 2944
19, 660, 23407, 781, 1618
19, 149115, 660, 5326, 385, 1618, 19443
18831, 19, 660, 2159, 1618, 2168, 19443
18831, 19, 660, 2159, 1618, 7698, 2168
18831, 19, 660, 2159, 1618, 1571, 2424
18831, 19, 660, 2159, 5326, 1618, 2424
18831, 19, 660, 2159, 5326, 1618, 19443
18831, 19, 149115, 660, 2159, 385, 1618, 1571
18831, 19, 149115, 660, 2159, 385, 5326, 1618
19, 54, 660, 2424, 1843, 659, 6506
19, 54, 660, 2247, 781, 2424, 7698
19, 54, 660, 2247, 781, 7698, 2944
19, 54, 159382, 660, 2424
19, 190108, 54, 37088, 660, 2424
35732, 19, 660, 6506, 2944
35732, 19, 660, 2424, 6506
18831, 19, 149115, 660, 2224, 385, 1618
5721, 660, 6506, 659, 19443
5721, 660, 17927, 659, 19443
5721, 13240, 660, 19443, 659
5721, 660, 2290, 659, 19443
5721, 660, 891, 659, 6506
5721, 660, 891, 6506, 19443
5721, 15352, 660, 891, 659
9788, 660, 2159, 2424, 6506
9788, 660, 2424, 17927, 659
9788, 13240, 660, 6506, 659
9788, 660, 79966, 2424, 6506
4799, 9788, 660, 2424, 6506
9788, 40566, 660, 2424, 6506
9788, 660, 16412, 2424, 6506
9788, 660, 2424, 6506, 1539
9788, 660, 2290, 659, 6506
9788, 660, 58820, 2424, 6506
9788, 660, 2424, 1843, 659, 6506
9788, 54, 660, 2424, 659, 6506
9788, 35732, 660, 2424, 6506
9788, 35732, 660, 2944, 6506
9788, 54, 660, 2944, 6506
9788, 19856, 660, 2944, 6506
9788, 660, 2159, 2944, 6506
9788, 660, 1843, 6506, 2944
9788, 660, 891, 6506, 2944
9788, 19, 660, 6506, 2944
9788, 19, 660, 2424, 6506
660, 2424, 17927, 19443, 214987
23287, 660, 385, 1724, 19443, 214987
7768, 120086, 660, 2424, 214987
4799, 660, 2424, 17346, 214987
7768, 660, 122668, 2424, 214987
4799, 2553, 660, 2424, 6506, 214987
2553, 660, 23287, 5306, 214987
2553, 660, 23287, 1724, 214987
7768, 660, 19443, 1539, 214987
660, 385, 5326, 2290, 6506, 214987, 19443
3252, 660, 385, 6506, 214987
2779, 660, 385, 2424, 1539, 214987
2779, 3252, 660, 385, 214987
660, 2424, 58820, 1539, 214987, 6506
660, 1756, 58820, 1539, 214987
477, 660, 58820, 6506, 214987
2779, 660, 58820, 2424, 1539, 214987
149115, 660, 1618, 8463, 214987
660, 2159, 5326, 1618, 2424, 6506, 214987, 19443
660, 2159, 5326, 1724, 1618, 19443, 214987
2553, 23287, 660, 1618, 19443, 214987
2553, 149115, 660, 23287, 385, 1618, 214987
8431, 660, 23287, 385, 1618, 7698, 19443, 214987
28130, 149115, 660, 891, 1618, 214987
18831, 660, 115474, 891, 1618, 214987
7768, 660, 1618, 2424, 1539, 214987
7768, 660, 2159, 1724, 1618, 19443, 214987
7768, 8431, 660, 1618, 7698, 19443, 214987
660, 115474, 2159, 781, 1618, 19443, 214987
660, 2247, 781, 2424, 1539, 214987
660, 781, 2290, 19443, 214987
477, 660, 2159, 781, 1618, 19443, 214987
477, 2553, 149115, 660, 1618, 781, 214987
8431, 660, 781, 1618, 19443, 214987
2553, 212154, 660, 6506, 214987
1871, 660, 2159, 1724, 781, 214987
1871, 660, 26056, 214987, 6506
1871, 660, 58820, 214987, 6506
1871, 660, 2159, 1724, 7698, 214987
2553, 54, 660, 385, 1618, 2424, 214987
54, 660, 2424, 659, 6506, 214987
54, 660, 2247, 781, 2424, 7698, 214987
54, 159382, 660, 2424, 214987
7768, 54, 660, 79966, 7698, 1539, 214987
35732, 660, 2424, 6506, 214987
35732, 660, 2944, 214987, 6506
54, 660, 2247, 781, 7698, 2944, 214987
8431, 660, 385, 1618, 781, 7698, 214987, 2944
18831, 660, 2224, 891, 1618, 214987
660, 6789, 58820, 2424, 1539, 214987
54, 660, 79966, 6789, 2424, 1539, 214987
19, 149115, 660, 17346, 214987
19, 660, 2159, 781, 1618, 214987, 19443
19, 660, 2159, 385, 5326, 1618, 2424, 19443, 214987
19, 660, 17346, 2424, 1843, 214987
19, 660, 2159, 385, 1618, 7698, 19443, 214987
19, 660, 2159, 385, 1618, 781, 2424, 7698, 214987
19, 660, 2159, 385, 781, 1618, 7698, 2944, 214987
19, 149115, 660, 385, 781, 1618, 7698, 2944, 214987
19, 660, 2159, 1618, 7698, 19443, 214987, 2168
18831, 19, 660, 1618, 1571, 214987
18831, 19, 660, 1618, 2168, 214987
18831, 19, 660, 5326, 1618, 214987
18831, 19, 660, 2224, 1618, 214987
7768, 19, 660, 2159, 1618, 7698, 19443, 214987
7768, 19, 660, 2159, 1618, 2424, 19443, 214987
7768, 19, 54, 660, 2159, 1724, 2424, 214987
7768, 19, 54, 660, 2159, 1724, 7698, 214987
7768, 19, 54, 660, 2159, 1724, 19443, 214987
7768, 19, 54, 660, 79966, 2424, 7698, 214987
7768, 19, 54, 660, 79966, 2424, 1539, 214987
5721, 660, 891, 19443, 214987
9788, 660, 6506, 214987, 2944
9788, 660, 2424, 6506, 214987
19, 660, 8, 2159, 385, 214987
13137, 660, 1539, 214987, 19443
13137, 8431, 660, 7698, 19443, 214987
54, 660, 90864, 2424, 659
54, 660, 2247, 2424, 90864
54, 660, 385, 2424, 90864
54, 660, 2159, 2424, 90864
54, 660, 5306, 2424, 90864
54, 660, 79966, 2424, 90864
54, 2553, 660, 2424, 90864
19352, 54, 660, 2424, 90864
54, 660, 2424, 90864, 6506
54, 660, 2424, 90864, 1539
54, 660, 2424, 90864, 1843
54, 159382, 660, 2424, 90864
54, 68604, 660, 2424, 90864
54, 71076, 660, 2424, 90864
190108, 54, 660, 2424, 90864
19, 54, 660, 2424, 90864
54, 660, 2424, 90864, 214987
660, 248118, 4637, 7092, 161028
660, 248118, 4637, 7092, 58820
660, 248118, 7092, 4637, 207781
200911, 660, 248118, 7092, 4637
660, 248118, 7092, 4637, 201393
660, 248118, 7092, 4637, 244398
660, 248118, 156770, 7092, 4637
660, 248118, 7525, 7092, 4637
206550, 660, 248118, 7092, 4637
13240, 660, 248118, 7092, 4637
21613, 660, 248118, 7092, 4637
155197, 660, 248118, 7092, 4637
188939, 660, 248118, 7092, 4637
72916, 2779, 660, 248118, 4637
2779, 660, 248118, 4637, 385
2779, 660, 248118, 4637, 58820
195939, 660, 248118, 7092, 4637
1916, 660, 1072, 30502, 19443
1916, 1069, 660, 6506, 19443
1916, 1069, 660, 1072, 19443
1916, 3252, 660, 2290, 6506, 19443
1916, 3252, 660, 385, 19443
1916, 3252, 660, 2159, 6506, 19443
1916, 3252, 13240, 660, 6506, 19443
1916, 3252, 13240, 660, 1072, 19443
1916, 3252, 13240, 660, 1724, 1072
1916, 3252, 660, 58820, 6506
1916, 660, 1724, 1843, 6506
1916, 115474, 660, 781, 1618, 19443
1916, 115474, 660, 2159, 781, 19443
1916, 660, 2159, 781, 6506
1916, 660, 781, 2424, 6506
1916, 660, 781, 2290, 19443
1916, 660, 781, 2290, 6506
1916, 3252, 660, 2159, 781
1916, 3252, 660, 781, 2290
8431, 1916, 660, 781, 19443
1916, 660, 4637, 385, 19443
1916, 660, 4637, 7092, 161028
1916, 660, 4637, 7092, 58820
1916, 660, 7092, 4637, 207781
200911, 1916, 660, 7092, 4637
1916, 660, 4637, 58820, 6506
1916, 660, 7092, 4637, 201393
1916, 660, 7092, 4637, 244398
1916, 660, 156770, 7092, 4637
1916, 660, 7525, 7092, 4637
1916, 206550, 660, 7092, 4637
1916, 21613, 660, 7092, 4637
1916, 3252, 660, 4637, 385
1916, 3252, 660, 4637, 58820
1916, 3252, 13240, 660, 4637, 1072
1916, 155197, 660, 7092, 4637
188939, 1916, 660, 7092, 4637
195939, 1916, 660, 7092, 4637
19, 1916, 660, 781, 19443
19, 1916, 660, 781, 6506
1916, 660, 781, 6506, 214987
1916, 660, 1724, 6506, 214987, 19443
1916, 115474, 660, 781, 19443, 214987
1916, 248118, 660, 4637, 7092
==========2
